N <- 
7 
M <- 
129 
I <- 
structure(c(1,1,1,1,1,1,1,1,1,1,1,1,0,1,0,1,1,1,1,1,1,1,1,1,1,1,1,1,1,1,1,1,1,1,1,0,1,1,0,1,1,1,1,0,1,1,1,1,1,1,1,1,1,1,1,1,1,1,1,1,0,1,1,1,1,1,0,1,1,1,1,1,1,1,1,1,1,1,1,1,0,1,1,1,1,1,1,1,1,1,1,1,1,1,1,1,1,1,1,1,1,1,1,1,1,0,1,1,1,1,1,1,0,1,1,1,1,0,1,1,1,1,1,1,1,1,1,0,1,0,0,1,0,0,0,0,0,0,0,1,1,1,0,0,0,0,0,0,1,0,0,0,0,0,0,0,0,0,0,0,0,0,0,0,1,1,0,0,0,0,1,0,0,0,0,0,0,0,0,0,0,0,0,0,0,0,0,0,0,0,0,0,0,0,0,0,1,1,0,0,0,0,0,1,0,1,0,0,0,0,0,0,0,1,0,0,0,0,0,0,0,0,0,0,0,0,0,0,0,0,0,0,0,0,0,0,0,0,0,0,0,0,0,1,0,1,0,0,0,0,0,0,0,0,0,0,0,0,0,0,0,0,0,0,0,0,0,0,0,0,0,0,0,0,0,0,0,0,0,0,0,1,0,0,0,0,0,0,0,0,0,0,0,0,0,0,0,0,0,0,0,0,0,0,0,0,0,0,0,0,0,0,0,0,0,0,0,0,1,1,0,0,0,0,0,0,0,0,0,0,0,0,0,0,0,0,0,0,0,0,0,0,0,0,0,0,0,0,0,0,0,0,0,0,0,0,0,0,0,0,0,0,0,0,0,0,0,0,0,0,0,0,0,0,0,0,0,0,0,0,0,0,0,1,0,0,0,1,1,0,1,1,1,0,1,1,1,1,1,1,1,1,1,1,1,1,1,1,1,1,1,1,1,1,1,1,0,1,1,1,1,1,1,1,1,1,1,1,0,1,1,1,1,1,1,0,1,0,1,1,1,1,1,1,1,1,1,1,1,1,1,1,1,1,1,0,1,1,0,1,1,1,0,1,1,1,1,1,1,1,0,0,1,1,1,1,1,1,0,1,0,1,1,0,1,1,1,0,1,1,1,1,1,1,1,0,1,1,1,1,1,1,1,1,1,0,1,0,1,1,1,1,1,1,1,1,0,1,0,1,0,0,1,1,0,0,0,0,1,0,0,0,0,0,1,0,0,0,0,1,1,0,0,0,1,1,1,0,1,0,0,0,0,0,1,1,0,1,0,1,1,0,0,0,1,0,1,0,0,1,0,0,0,0,1,0,0,0,0,0,0,0,1,0,0,0,1,1,0,1,0,1,0,0,0,0,0,0,0,1,0,0,0,0,0,1,0,1,0,1,0,0,0,0,0,0,0,0,0,1,0,1,0,0,0,0,0,0,1,1,0,1,0,1,1,0,1,0,0,0,0,1,0,1,1,1,0,0,1,0,0,1,1,0,1,0,0,0,0,1,1,0,0,0,0,1,0,0,1,1,0,1,0,0,1,0,0,1,0,0,1,0,0,1,1,0,0,0,0,1,1,0,0,0,0,1,0,0,1,0,1,1,0,1,1,1,1,0,1,1,1,1,0,0,0,1,1,0,1,0,1,0,1,1,0,1,0,0,1,0,1,0,1,0,0,0,1,0,1,0,0,1,0,0,1,1,1,0,1,0,1,0,0,1,0,0,1,0,1,0,0,0,1,0,0,1,0,0,0,0,1,0,1,1,0,1,1,0,1,1,0,0,1,0,0,0,0,1,1,0,1,1,0,0,1,1,1,0,0,1,1,1,0,0,0,1,0,1,1,0,1,1,0,0,1,0,1,1,0,1,1,1,1,1,0,1,1,0,1,1,0,1,1,1,0,0,1,0,0,0,0,1,1,1,0,0,1,0,0,0,0,1,0,1,1,1,1,0,1,0,1,1,1,0,1,0,1,0,1,1,1,1,1,1,1,1,1,0,1,0,1,1,1,1,1,1,1,0,0,1,1,0,1,1,0,1,1,1,1,0,1,0,1), .Dim = c(129,7)) 
x <- 
structure(c(-3.193471e-01,6.126944e-01,-4.531349e-02,2.728061e-01,-5.699429e-01,-9.797000e-01,9.850824e-01,6.126944e-01,-3.193471e-01,-5.699429e-01,9.850824e-01,6.126944e-01,0,-5.699429e-01,0,6.126944e-01,-4.531349e-02,-3.193471e-01,-4.531349e-02,2.467634e+00,-5.699429e-01,-9.797000e-01,1.414786e+00,2.728061e-01,-9.797000e-01,-3.193471e-01,6.126944e-01,1.414786e+00,-5.699429e-01,2.728061e-01,-7.835600e-01,-9.797000e-01,-9.797000e-01,-5.699429e-01,-3.193471e-01,0,-7.835600e-01,-5.699429e-01,0,-4.531349e-02,-4.531349e-02,-3.193471e-01,-9.797000e-01,0,-4.531349e-02,-5.699429e-01,6.126944e-01,-5.699429e-01,6.126944e-01,6.126944e-01,-3.193471e-01,-3.193471e-01,2.728061e-01,6.126944e-01,2.728061e-01,-4.531349e-02,2.728061e-01,-5.699429e-01,-4.531349e-02,-5.699429e-01,0,-4.531349e-02,6.126944e-01,2.728061e-01,-3.193471e-01,-7.835600e-01,0,-4.531349e-02,-4.531349e-02,-7.835600e-01,9.850824e-01,6.126944e-01,-4.531349e-02,-4.531349e-02,-5.699429e-01,-4.531349e-02,9.850824e-01,2.728061e-01,3.969527e+00,3.969527e+00,0,2.728061e-01,-4.531349e-02,-4.531349e-02,-3.193471e-01,-4.531349e-02,3.969527e+00,-3.193471e-01,6.126944e-01,2.728061e-01,-5.699429e-01,2.728061e-01,-3.193471e-01,6.126944e-01,9.850824e-01,-4.531349e-02,-4.531349e-02,-5.699429e-01,3.969527e+00,-4.531349e-02,-3.193471e-01,-5.699429e-01,6.126944e-01,2.728061e-01,-3.193471e-01,0,-1.268333e+00,3.137188e+00,1.904295e+00,2.728061e-01,-3.193471e-01,-5.699429e-01,0,2.728061e-01,-4.531349e-02,-5.699429e-01,-4.531349e-02,0,-3.193471e-01,-3.193471e-01,-4.531349e-02,-4.531349e-02,-5.699429e-01,-5.699429e-01,2.728061e-01,6.126944e-01,6.126944e-01,0,2.728061e-01,0,0,1.826387e+00,0,0,0,0,0,0,0,1.826387e+00,-4.087798e-01,8.451058e-02,0,0,0,0,0,0,3.743440e+00,0,0,0,0,0,0,0,0,0,0,0,0,0,0,0,-5.699429e-01,-7.835600e-01,0,0,0,0,-4.087798e-01,0,0,0,0,0,0,0,0,0,0,0,0,0,0,0,0,0,0,0,0,0,0,0,0,0,8.451058e-02,8.451058e-02,0,0,0,0,0,-5.699429e-01,0,8.451058e-02,0,0,0,0,0,0,0,-4.087798e-01,0,0,0,0,0,0,0,0,0,0,0,0,0,0,0,0,0,0,0,0,0,0,0,0,0,0,0,0,0,3.765827e-01,0,-5.699429e-01,0,0,0,0,0,0,0,0,0,0,0,0,0,0,0,0,0,0,0,0,0,0,0,0,0,0,0,0,0,0,0,0,0,0,0,2.911034e-01,0,0,0,0,0,0,0,0,0,0,0,0,0,0,0,0,0,0,0,0,0,0,0,0,0,0,0,0,0,0,0,0,0,0,0,0,2.911034e-01,2.911034e-01,0,0,0,0,0,0,0,0,0,0,0,0,0,0,0,0,0,0,0,0,0,0,0,0,0,0,0,0,0,0,0,0,0,0,0,0,0,0,0,0,0,0,0,0,0,0,0,0,0,0,0,0,0,0,0,0,0,0,0,0,0,0,0,2.071385e+00,0,0,0,-1.067874e+00,-1.107086e+00,0,-9.030488e-01,4.617648e+00,-1.268333e+00,0,-7.042980e-01,-1.268333e+00,-1.268333e+00,-7.042980e-01,-4.953092e-01,-9.039146e-01,-1.123368e+00,-1.198260e+00,1.740662e-01,-2.734520e-01,-1.209773e+00,-2.786456e-01,2.769083e+00,-1.267786e+00,-1.268333e+00,-2.786456e-01,-7.014684e-01,-1.131713e+00,-4.953092e-01,-1.107086e+00,-2.786456e-01,-1.268333e+00,0,-1.268333e+00,-1.212742e+00,-6.998451e-01,-1.107086e+00,-1.268333e+00,-5.677444e-02,-1.268333e+00,-1.108462e+00,-9.039146e-01,-1.087544e+00,-4.953092e-01,0,-6.658651e-01,-1.268333e+00,-1.107086e+00,-1.174571e+00,3.592279e-01,-1.268333e+00,0,3.592279e-01,0,-1.207644e+00,-9.861010e-01,1.740662e-01,-1.107086e+00,-1.040832e+00,5.158895e-01,-1.245531e+00,-9.703579e-01,-8.772463e-01,-6.946951e-01,-1.107086e+00,8.179500e-02,-2.148650e-01,-1.268333e+00,-7.295038e-01,-2.217731e-01,-8.017496e-01,0,-1.107081e+00,4.129503e-01,0,-4.341676e-01,-1.106295e+00,-2.786456e-01,0,4.488394e-01,-4.953092e-01,6.594577e-01,-1.268333e+00,-1.847348e-01,-7.042980e-01,-4.953092e-01,0,0,-9.039146e-01,-4.953092e-01,-6.169539e-01,-4.953092e-01,6.594577e-01,-3.507408e-01,0,-9.039146e-01,0,-4.860577e-01,-9.039146e-01,0,-7.042980e-01,-7.025080e-01,-1.107086e+00,0,-9.233306e-01,-1.034895e-01,-4.884053e-01,-1.104351e+00,-5.677444e-02,-1.235918e+00,4.129503e-01,0,-1.031405e+00,-1.034975e+00,-1.107085e+00,-1.182684e+00,-7.042980e-01,-4.887047e-01,-1.268333e+00,-5.677444e-02,-7.042980e-01,0,-7.052563e-01,0,-8.856943e-01,-6.836354e-01,-6.535554e-01,-1.039978e+00,1.340524e+00,-5.677444e-02,-3.665370e-01,-1.066659e+00,0,8.451058e-02,0,2.651233e+00,0,0,-7.195160e-02,6.126944e-01,0,0,0,0,-1.045374e-01,0,0,0,0,0,6.119106e-01,0,0,0,0,-9.797000e-01,-6.804090e-01,0,0,0,-5.230341e-01,1.006879e+00,-7.835600e-01,0,2.865779e+00,0,0,0,0,0,-9.797000e-01,-4.082737e-01,0,1.493960e+00,0,-5.230341e-01,8.451058e-02,0,0,0,1.239464e+00,0,-2.837412e-01,0,0,6.684986e-01,0,0,0,0,3.068513e-01,0,0,0,0,0,0,0,6.749565e-01,0,0,0,1.039401e+00,9.669310e-01,0,-6.336827e-01,0,2.695611e-01,0,0,0,0,0,0,0,1.493960e+00,0,0,0,0,0,2.728061e-01,0,6.032294e-02,0,9.856034e-01,0,0,0,0,0,0,0,0,0,-3.193471e-01,0,1.623774e+00,0,0,0,0,0,0,4.943930e-02,1.493960e+00,0,-7.042980e-01,0,1.956520e+00,3.443760e+00,0,3.970768e-01,0,0,0,0,1.471334e+00,0,5.394309e-01,-5.699429e-01,-5.378413e-01,0,0,-8.150435e-02,0,0,1.080888e+00,4.796866e-01,0,7.730245e-01,0,0,0,0,-3.295728e-01,7.730245e-01,0,0,0,0,-3.295728e-01,0,0,1.990737e-01,-5.378413e-01,0,-5.378413e-01,0,0,4.796866e-01,0,0,-5.378413e-01,0,0,7.758762e-01,0,0,-5.118058e-01,-7.403772e-01,0,0,0,0,-5.378413e-01,-7.403772e-01,0,0,0,0,-5.118058e-01,0,0,4.796869e-01,0,-3.295728e-01,7.730245e-01,0,1.990737e-01,-5.378413e-01,4.796866e-01,-5.378413e-01,0,-5.378413e-01,1.749838e+00,-1.129933e+00,1.990737e-01,0,0,0,7.730245e-01,7.730245e-01,0,-5.378413e-01,0,1.990737e-01,0,-3.295728e-01,1.749838e+00,0,1.405530e+00,0,0,-8.150435e-02,0,-7.403772e-01,0,-8.150435e-02,0,0,0,1.080888e+00,0,7.730245e-01,0,0,-9.376138e-01,0,0,1.948732e-01,1.990737e-01,-5.378413e-01,0,4.824094e-01,0,1.080888e+00,0,0,7.730245e-01,0,0,-8.150435e-02,0,-8.150435e-02,0,0,0,-3.295728e-01,0,0,-5.378413e-01,0,0,0,0,1.405032e+00,0,-3.295728e-01,-8.150435e-02,0,8.593554e-02,3.890034e-01,0,-4.829197e-01,-1.010626e+00,0,0,-2.042171e-01,0,0,0,0,-4.829197e-01,-7.513841e-01,0,3.890034e-01,-2.042171e-01,0,0,-4.829197e-01,-4.829197e-01,1.396082e+00,0,0,8.593554e-02,-4.829197e-01,1.396082e+00,0,0,0,-7.513841e-01,0,-2.042171e-01,-4.829197e-01,0,-7.513841e-01,-4.829197e-01,0,0,8.593554e-02,0,-7.513841e-01,-1.010626e+00,0,-4.829197e-01,1.041523e+00,-7.513841e-01,1.396082e+00,1.041523e+00,0,-2.042171e-01,8.593554e-02,0,3.890034e-01,8.593554e-02,0,-7.513841e-01,8.593554e-02,-4.829197e-01,0,0,7.067843e-01,0,0,0,0,8.593554e-02,