N <- 
5 
M <- 
175 
I <- 
structure(c(0,1,1,1,0,0,1,1,1,1,1,1,1,1,1,1,1,1,0,1,0,1,1,1,1,1,1,1,0,1,1,1,1,1,1,1,1,1,1,1,1,1,1,1,1,1,1,1,1,1,1,1,1,1,1,1,1,0,1,1,1,1,1,1,1,0,1,1,1,1,1,1,1,1,1,1,1,1,1,1,1,1,1,1,1,1,1,1,0,1,1,0,1,1,1,0,1,1,0,1,1,1,1,1,1,1,1,1,1,1,1,1,1,1,1,0,1,1,1,1,1,1,1,1,1,1,1,1,0,0,1,1,0,1,1,1,1,1,1,0,1,1,1,1,0,0,1,1,1,1,1,1,1,0,1,1,1,1,1,1,1,0,1,1,1,1,1,1,1,1,0,1,1,1,1,0,0,0,0,0,1,0,0,0,0,0,0,0,0,0,0,0,0,0,0,0,0,0,0,0,0,0,0,1,0,1,1,0,0,0,0,0,0,0,0,0,0,0,0,0,0,0,0,0,0,0,0,0,0,0,0,0,0,0,0,0,0,0,0,0,0,0,0,0,0,0,0,0,0,0,0,0,0,0,0,0,0,0,0,0,0,0,0,1,1,0,1,0,0,0,0,0,0,0,0,0,0,0,0,0,0,0,0,0,0,0,0,0,0,0,0,0,0,0,0,0,0,0,0,0,0,0,0,0,0,0,0,0,0,0,0,0,0,0,0,0,0,0,0,0,1,0,0,0,0,0,0,0,0,0,0,0,0,0,0,0,0,0,0,0,0,0,0,1,0,0,0,0,0,0,0,0,1,0,1,0,1,0,1,1,1,1,0,1,0,0,0,1,1,1,1,1,1,1,1,1,0,0,0,1,0,0,0,1,1,1,1,1,1,0,0,0,1,0,0,0,0,1,1,0,1,0,0,1,0,1,1,0,1,1,0,1,0,0,0,0,1,1,1,1,1,0,1,0,1,0,1,1,0,1,0,0,0,1,1,1,1,0,1,1,1,0,1,0,1,1,0,1,0,1,0,1,0,0,1,0,0,0,1,0,0,1,0,0,1,1,0,0,1,0,0,0,0,1,1,0,1,1,1,0,0,1,1,0,0,1,1,0,0,1,0,0,0,0,0,0,0,1,1,1,1,1,0,1,1,1,0,1,0,1,1,1,0,1,1,0,1,1,1,1,0,1,0,1,1,1,0,0,0,1,1,1,1,0,1,0,0,1,1,1,0,1,0,1,0,0,0,0,0,1,0,0,0,1,0,1,0,1,1,0,0,0,0,0,1,1,0,0,1,1,1,0,0,0,1,0,1,1,0,0,0,0,1,1,0,1,0,1,0,0,1,0,1,0,0,0,1,0,1,0,0,0,0,0,0,1,1,0,0,0,0,1,0,0,0,0,1,0,1,0,0,1,0,1,0,1,0,1,0,0,1,0,1,1,1,0,0,0,1,0,0,0,0,0,1,0,1,0,0,0,0,0,0,0,1,1,0,0,1,1,0,0,1,0,0,0,0,0,1,1,1,0,0,0,0,0,0,0,1,0,1,1,0,1,0,0,1,1,0,0,1,0,0,1,0,1,0,1,0,0,1,1,0,1,0,0,0,0,0,1,0,0,1,1,0,1,0,0,0,0,1,1,0,0,0,0,1,1,0,0,1,0,0,1,0,0,1,0,0,0,0,1,0,1,0,0,1,0,0,1,0,0,0,0,1,0,0,1,1,0,0,0,0,1,1,1,0,1,1,0,0,0,0,1,0,1,0,0,1,0,1,0,1,0,1,1,1,1,1,1,0,0,1,0,1,1,0,1,1,0,0,0,1,1,0,1,1,0,1,1,1,0,1,0,0,1,1,1,0,1,1,0,1,1,0,1,1,0,1,1,0,0,1,1,0,0,0,1,1,1,1,1,1,1,1,0,1,0,0,0,1,0,1,0,0,1,0,0,0,0,0,1,0,0,0,1,0,0,1,0,1,0,1,0,0), .Dim = c(175,5)) 
x <- 
structure(c(0,-2.873109e-01,-2.873109e-01,-5.326241e-02,0,0,-5.326241e-02,-2.873109e-01,-2.873109e-01,-5.326241e-02,-2.873109e-01,-2.873109e-01,-2.873109e-01,-2.873109e-01,-2.873109e-01,-2.873109e-01,-2.873109e-01,-2.873109e-01,0,-2.873109e-01,0,-2.873109e-01,-2.873109e-01,-2.873109e-01,-2.873109e-01,-2.873109e-01,-2.873109e-01,-5.326241e-02,0,-2.873109e-01,-2.873109e-01,-2.873109e-01,-2.873109e-01,-2.873109e-01,-5.326241e-02,-2.873109e-01,-2.873109e-01,-2.873109e-01,-2.873109e-01,-2.873109e-01,-2.873109e-01,-2.873109e-01,-2.873109e-01,-2.873109e-01,-2.873109e-01,-5.326241e-02,-5.326241e-02,-2.873109e-01,-5.326241e-02,-2.873109e-01,-5.326241e-02,-5.326241e-02,-2.873109e-01,-2.873109e-01,-5.326241e-02,-2.873109e-01,-5.326241e-02,0,-2.873109e-01,-2.873109e-01,-2.873109e-01,-2.873109e-01,-2.873109e-01,-5.326241e-02,-5.326241e-02,0,-2.873109e-01,-2.873109e-01,-5.326241e-02,4.138083e-01,-2.873109e-01,-2.873109e-01,-2.873109e-01,-2.873109e-01,-2.873109e-01,-5.326241e-02,-2.873109e-01,-5.326241e-02,-2.873109e-01,-2.873109e-01,-2.873109e-01,-2.873109e-01,-2.873109e-01,-2.873109e-01,-2.873109e-01,-2.873109e-01,-2.873109e-01,-2.873109e-01,0,-2.873109e-01,-2.873109e-01,0,4.138083e-01,-2.873109e-01,-2.873109e-01,0,-2.873109e-01,-2.873109e-01,0,-2.873109e-01,-2.873109e-01,-2.873109e-01,-2.873109e-01,-2.873109e-01,-2.873109e-01,-5.326241e-02,-2.873109e-01,-2.873109e-01,-2.873109e-01,-2.873109e-01,-5.326241e-02,-2.873109e-01,-5.326241e-02,-2.873109e-01,-2.873109e-01,0,-5.326241e-02,-2.873109e-01,-2.873109e-01,-2.873109e-01,-5.326241e-02,-2.873109e-01,4.138083e-01,4.138083e-01,-2.873109e-01,-5.326241e-02,-2.873109e-01,-2.873109e-01,0,0,-2.873109e-01,-5.326241e-02,0,-2.873109e-01,-2.873109e-01,-5.326241e-02,-5.326241e-02,-2.873109e-01,-2.873109e-01,0,-5.326241e-02,-5.326241e-02,-2.873109e-01,-2.873109e-01,0,0,-2.873109e-01,-2.873109e-01,4.138083e-01,-5.326241e-02,-5.326241e-02,-2.873109e-01,-2.873109e-01,0,-2.873109e-01,-2.873109e-01,-2.873109e-01,-5.326241e-02,-5.326241e-02,-2.873109e-01,-2.873109e-01,0,-5.326241e-02,-5.326241e-02,-2.873109e-01,-2.873109e-01,-5.326241e-02,-2.873109e-01,-2.873109e-01,-2.873109e-01,0,4.138083e-01,-2.873109e-01,-2.873109e-01,-2.873109e-01,0,0,0,0,0,-1.891184e-01,0,0,0,0,0,0,0,0,0,0,0,0,0,0,0,0,0,0,0,0,0,0,-1.891184e-01,0,-4.399132e-01,-1.891184e-01,0,0,0,0,0,0,0,0,0,0,0,0,0,0,0,0,0,0,0,0,0,0,0,0,0,0,0,0,0,0,0,0,0,0,0,0,0,0,0,0,0,0,0,0,0,0,0,0,0,0,0,0,0,0,0,0,-4.399132e-01,-4.399132e-01,0,-4.399132e-01,0,0,0,0,0,0,0,0,0,0,0,0,0,0,0,0,0,0,0,0,0,0,0,0,0,0,0,0,0,0,0,0,0,0,0,0,0,0,0,0,0,0,0,0,0,0,0,0,0,0,0,0,0,-1.891184e-01,0,0,0,0,0,0,0,0,0,0,0,0,0,0,0,0,0,0,0,0,0,0,-9.153651e-01,0,0,0,0,0,0,0,0,-1.955020e-01,0,1.319801e-01,0,-1.955020e-01,0,-3.133798e-02,-1.955020e-01,2.147016e-01,-3.133798e-02,0,-1.955020e-01,0,0,0,-1.955020e-01,-3.133798e-02,-1.955020e-01,-3.133798e-02,1.319801e-01,4.601619e-01,-1.955020e-01,-1.955020e-01,1.319801e-01,0,0,0,-3.133798e-02,0,0,0,-1.955020e-01,-1.955020e-01,-1.955020e-01,-1.955020e-01,1.319801e-01,-3.133798e-02,0,0,0,1.319801e-01,0,0,0,0,-1.955020e-01,1.319801e-01,0,-3.133798e-02,0,0,-3.133798e-02,0,1.319801e-01,-1.955020e-01,0,-3.133798e-02,-3.133798e-02,0,-1.955020e-01,0,0,0,0,-1.955020e-01,-1.955020e-01,-1.955020e-01,4.747011e-01,-1.955020e-01,0,-1.955020e-01,0,-1.955020e-01,0,1.319801e-01,-3.133798e-02,0,-1.955020e-01,0,0,0,-1.955020e-01,-1.955020e-01,1.319801e-01,-3.133798e-02,0,3.853205e-01,1.319801e-01,-1.955020e-01,0,4.747011e-01,0,-1.955020e-01,-1.955020e-01,0,-1.955020e-01,0,-1.955020e-01,0,-1.955020e-01,0,0,-1.955020e-01,0,0,0,-3.133798e-02,0,0,-8.574919e-02,0,0,-1.955020e-01,-3.133798e-02,0,0,1.319801e-01,0,0,0,0,6.666433e-01,-3.133798e-02,0,-1.955020e-01,-1.955020e-01,-1.955020e-01,0,0,-1.955020e-01,4.747011e-01,0,0,-1.955020e-01,-1.955020e-01,0,0,-1.955020e-01,0,0,0,0,0,0,0,-1.955020e-01,1.015222e+00,-1.955020e-01,1.319801e-01,-1.955020e-01,0,-1.955020e-01,-1.955020e-01,-1.955020e-01,0,-3.133798e-02,0,-1.955020e-01,-1.955020e-01,-3.133798e-02,0,-1.955020e-01,2.147016e-01,0,-1.955020e-01,-1.955020e-01,3.853205e-01,-1.955020e-01,0,4.747011e-01,0,1.319801e-01,-3.133798e-02,-1.484343e-01,0,0,0,-1.484343e-01,6.270678e-02,-1.484343e-01,-1.484343e-01,0,-1.484343e-01,0,0,-3.318533e-01,-3.318533e-01,-1.484343e-01,0,-1.484343e-01,0,-1.484343e-01,0,0,0,0,0,-1.484343e-01,0,0,0,-1.484343e-01,0,-3.318533e-01,0,-1.484343e-01,-1.484343e-01,0,0,0,0,0,-1.484343e-01,-1.484343e-01,0,0,-1.484343e-01,-1.484343e-01,-1.484343e-01,0,0,0,-3.318533e-01,0,-1.484343e-01,-1.484343e-01,0,0,0,0,-3.318533e-01,-3.318533e-01,0,-1.484343e-01,0,-1.484343e-01,0,0,-1.484343e-01,0,-1.484343e-01,0,0,0,-1.484343e-01,0,-3.318533e-01,0,0,0,0,0,0,-3.318533e-01,-1.484343e-01,0,0,0,0,-3.318533e-01,0,0,0,0,-1.484343e-01,0,-1.484343e-01,0,0,-1.484343e-01,0,-1.484343e-01,0,-1.484343e-01,0,-3.318533e-01,0,0,-1.484343e-01,0,-1.484343e-01,-3.318533e-01,-1.484343e-01,0,0,0,-1.484343e-01,0,0,0,0,0,-3.318533e-01,0,-3.318533e-01,0,0,0,0,0,0,0,-1.484343e-01,-1.484343e-01,0,0,-1.484343e-01,-1.484343e-01,0,0,-1.484343e-01,0,0,0,0,0,-3.318533e-01,-3.318533e-01,-1.484343e-01,0,0,0,0,0,0,0,-1.484343e-01,0,-3.318533e-01,-1.484343e-01,0,-1.484343e-01,0,0,-3.318533e-01,-1.484343e-01,0,0,-3.318533e-01,0,0,-3.318533e-01,0,-1.484343e-01,0,-3.318533e-01,0,0,2.780496e-01,-1.063571e+00,0,9.560692e-03,0,0,0,0,0,-5.554465e-01,0,0,3.503600e-02,-5.279479e-01,0,-1.527239e-01,0,0,0,0,-1.352796e-02,3.086987e-01,0,0,0,0,-9.613350e-01,-2.798720e-02,0,0,-5.669549e-01,0,0,-1.245316e+00,0,0,-1.114133e+00,0,0,0,0,-8.829763e-01,0,8.377053e-01,0,0,-4.127477e-01,0,0,-7.531162e-01,0,0,0,0,-1.120376e+00,0,0,2.275450e-01,-1.046134e+00,0,0,0,0,-2.866735e-01,-4.905116e-01,6.313619e-01,0,2.532231e-01,-4.358773e-01,0,0,0,0,-3.020683e-01,0,-6.496376e-01,0,0,-3.112481e-01,0,-2.314052e-01,0,-1.318960e+00,0,-8.715534e-01,-5.024921e-01,-3.364682e-01,-9.356910e-01,-6.146756e-01,-9.181322e-01,0,0,-1.509692e-01,0,-4.501069e-02,-1.250451e+00,0,-1.426878e+00,-1.231352e-01,0,0,0,-2.022791e-01,-5.700646e-01,0,7.394986e-01,-1.862842e-01,0,-4.228391e-01,-4.959097e-01,-5.587190e-01,0,4.724196e-02,0,0,-1.297307e-01,-5.581704e-01,-3.445776e-01,0,-3.247784e-01,-4.234239e-01,0,-8.094889e-02,-5.822532e-02,0,-4.800274e-01,