N <- 
5 
M <- 
177 
I <- 
structure(c(0,1,1,1,0,0,1,1,1,1,1,1,1,1,1,1,1,1,0,1,0,1,1,1,1,1,1,1,0,1,1,1,1,1,1,1,1,1,1,1,1,1,1,1,1,1,1,1,1,1,1,1,1,1,1,1,1,0,1,1,1,1,1,1,1,0,1,1,1,1,1,1,1,1,1,1,1,1,1,1,1,1,1,1,1,1,1,1,0,1,1,0,1,1,1,0,1,1,0,1,1,1,1,1,1,1,1,1,1,1,1,1,1,1,1,0,1,1,1,1,1,1,1,1,1,1,1,1,0,0,1,1,1,0,1,1,1,1,1,1,0,1,1,1,1,0,0,1,1,1,1,1,1,1,0,1,1,1,1,1,1,1,0,1,1,1,1,1,1,1,1,1,0,1,1,1,1,0,0,0,0,0,1,0,0,0,0,0,0,0,0,0,0,0,0,0,0,0,0,0,0,0,0,0,0,1,0,1,1,0,0,0,0,0,0,0,0,0,0,0,0,0,0,0,0,0,0,0,0,0,0,0,0,0,0,0,0,0,0,0,0,0,0,0,0,0,0,0,0,0,0,0,0,0,0,0,0,0,0,0,0,0,0,0,0,1,1,0,1,0,0,0,0,0,0,0,0,0,0,0,0,0,0,0,0,0,0,0,0,0,0,0,0,0,0,0,0,0,0,0,0,0,0,0,0,0,0,0,0,0,0,0,0,0,0,0,0,0,0,0,0,0,0,1,0,0,0,0,0,0,0,0,0,0,0,0,0,0,0,0,0,0,0,0,0,0,0,1,0,0,0,0,0,0,0,0,1,0,1,0,1,0,1,1,1,1,0,1,0,0,0,1,1,1,1,1,1,1,1,1,0,0,0,1,0,0,0,1,1,1,1,1,1,0,0,0,1,0,0,0,0,1,1,0,1,0,0,1,0,1,1,0,1,1,0,1,0,0,0,0,1,1,1,1,1,0,1,0,1,0,1,1,0,1,0,0,0,1,1,1,1,0,1,1,1,0,1,0,1,1,0,1,0,1,0,1,0,0,1,0,0,0,1,0,0,1,0,0,1,1,0,0,1,0,0,0,0,1,1,0,1,1,1,0,0,0,1,1,0,0,1,1,0,0,1,0,0,0,0,0,0,0,1,1,1,1,1,0,1,1,1,0,1,0,1,1,1,0,1,1,0,1,0,1,1,1,0,1,0,1,1,1,0,0,0,1,1,1,1,0,1,0,0,1,1,1,0,1,0,1,0,0,0,0,0,1,0,0,0,1,0,1,0,1,1,0,0,0,0,0,1,1,0,0,1,1,1,0,0,0,1,0,1,1,0,0,0,0,1,1,0,1,0,1,0,0,1,0,1,0,0,0,1,0,1,0,0,0,0,0,0,1,1,0,0,0,0,1,0,0,0,0,1,0,1,0,0,1,0,1,0,1,0,1,0,0,1,0,1,1,1,0,0,0,1,0,0,0,0,0,1,0,1,0,0,0,0,0,0,0,1,1,0,0,0,1,1,0,0,1,0,0,0,0,0,1,1,1,0,0,0,0,0,0,0,1,0,1,1,0,1,0,0,1,1,0,0,1,0,0,0,1,0,1,0,1,0,0,1,1,0,1,0,0,0,0,0,1,0,0,1,1,0,1,0,0,0,0,1,1,0,0,0,0,1,1,0,0,1,0,0,1,0,0,1,0,0,0,0,1,0,1,0,0,1,0,0,1,0,0,0,0,1,0,0,1,1,0,0,0,0,1,1,1,0,1,1,0,0,0,0,1,0,1,0,0,1,0,1,0,1,0,1,1,1,1,1,1,0,0,1,0,1,1,0,1,1,0,0,0,1,1,0,1,1,0,1,1,1,0,1,0,0,1,1,1,0,1,1,0,1,1,0,1,1,0,1,1,0,0,0,1,1,0,0,0,1,1,1,1,1,1,1,1,0,1,0,0,0,1,0,1,0,0,1,0,0,0,0,0,1,0,0,0,1,0,0,0,1,0,1,0,1,0,0), .Dim = c(177,5)) 
x <- 
structure(c(0,-2.557666e-01,-2.557666e-01,5.459586e-01,0,0,5.459586e-01,-2.557666e-01,-2.557666e-01,5.459586e-01,-2.557666e-01,-2.557666e-01,-2.557666e-01,-2.557666e-01,-2.557666e-01,-2.557666e-01,-2.557666e-01,-2.557666e-01,0,-2.557666e-01,0,-2.557666e-01,-2.557666e-01,-2.557666e-01,-2.557666e-01,-2.557666e-01,-2.557666e-01,5.459586e-01,0,-2.557666e-01,-2.557666e-01,-2.557666e-01,-2.557666e-01,-2.557666e-01,5.459586e-01,-2.557666e-01,-2.557666e-01,-2.557666e-01,-2.557666e-01,-2.557666e-01,-2.557666e-01,-2.557666e-01,-2.557666e-01,-2.557666e-01,-2.557666e-01,5.459586e-01,5.459586e-01,-2.557666e-01,5.459586e-01,-2.557666e-01,5.459586e-01,5.459586e-01,-2.557666e-01,-2.557666e-01,5.459586e-01,-2.557666e-01,5.459586e-01,0,-2.557666e-01,-2.557666e-01,-2.557666e-01,-2.557666e-01,-2.557666e-01,5.459586e-01,5.459586e-01,0,-2.557666e-01,-2.557666e-01,5.459586e-01,2.145893e+00,-2.557666e-01,-2.557666e-01,-2.557666e-01,-2.557666e-01,-2.557666e-01,5.459586e-01,-2.557666e-01,5.459586e-01,-2.557666e-01,-2.557666e-01,-2.557666e-01,-2.557666e-01,-2.557666e-01,-2.557666e-01,-2.557666e-01,-2.557666e-01,-2.557666e-01,-2.557666e-01,0,-2.557666e-01,-2.557666e-01,0,2.145893e+00,-2.557666e-01,-2.557666e-01,0,-2.557666e-01,-2.557666e-01,0,-2.557666e-01,-2.557666e-01,-2.557666e-01,-2.557666e-01,-2.557666e-01,-2.557666e-01,5.459586e-01,-2.557666e-01,-2.557666e-01,-2.557666e-01,-2.557666e-01,5.459586e-01,-2.557666e-01,5.459586e-01,-2.557666e-01,-2.557666e-01,0,5.459586e-01,-2.557666e-01,-2.557666e-01,-2.557666e-01,5.459586e-01,-2.557666e-01,2.145893e+00,2.145893e+00,-2.557666e-01,5.459586e-01,-2.557666e-01,-2.557666e-01,0,0,-2.557666e-01,5.459586e-01,5.459586e-01,0,-2.557666e-01,-2.557666e-01,5.459586e-01,5.459586e-01,-2.557666e-01,-2.557666e-01,0,5.459586e-01,5.459586e-01,-2.557666e-01,-2.557666e-01,0,0,-2.557666e-01,-2.557666e-01,2.145893e+00,5.459586e-01,5.459586e-01,-2.557666e-01,-2.557666e-01,0,-2.557666e-01,-2.557666e-01,-2.557666e-01,5.459586e-01,5.459586e-01,-2.557666e-01,-2.557666e-01,0,5.459586e-01,5.459586e-01,-2.557666e-01,-2.557666e-01,5.459586e-01,-2.557666e-01,-2.557666e-01,-2.557666e-01,-2.557666e-01,0,2.145893e+00,-2.557666e-01,-2.557666e-01,-2.557666e-01,0,0,0,0,0,8.058848e-02,0,0,0,0,0,0,0,0,0,0,0,0,0,0,0,0,0,0,0,0,0,0,8.058848e-02,0,-7.785002e-01,8.058848e-02,0,0,0,0,0,0,0,0,0,0,0,0,0,0,0,0,0,0,0,0,0,0,0,0,0,0,0,0,0,0,0,0,0,0,0,0,0,0,0,0,0,0,0,0,0,0,0,0,0,0,0,0,0,0,0,0,-7.785002e-01,-7.785002e-01,0,-7.785002e-01,0,0,0,0,0,0,0,0,0,0,0,0,0,0,0,0,0,0,0,0,0,0,0,0,0,0,0,0,0,0,0,0,0,0,0,0,0,0,0,0,0,0,0,0,0,0,0,0,0,0,0,0,0,0,8.058848e-02,0,0,0,0,0,0,0,0,0,0,0,0,0,0,0,0,0,0,0,0,0,0,0,-2.407144e+00,0,0,0,0,0,0,0,0,5.872189e-02,0,1.180500e+00,0,5.872189e-02,0,6.210599e-01,5.872189e-02,1.463860e+00,6.210599e-01,0,5.872189e-02,0,0,0,5.872189e-02,6.210599e-01,5.872189e-02,6.210599e-01,1.180500e+00,2.304676e+00,5.872189e-02,5.872189e-02,1.180500e+00,0,0,0,6.210599e-01,0,0,0,5.872189e-02,5.872189e-02,5.872189e-02,5.872189e-02,1.180500e+00,6.210599e-01,0,0,0,1.180500e+00,0,0,0,0,5.872189e-02,1.180500e+00,0,6.210599e-01,0,0,6.210599e-01,0,1.180500e+00,5.872189e-02,0,6.210599e-01,6.210599e-01,0,5.872189e-02,0,0,0,0,5.872189e-02,5.872189e-02,5.872189e-02,2.354479e+00,5.872189e-02,0,5.872189e-02,0,5.872189e-02,0,1.180500e+00,6.210599e-01,0,5.872189e-02,0,0,0,5.872189e-02,5.872189e-02,1.180500e+00,6.210599e-01,0,2.048309e+00,1.180500e+00,5.872189e-02,0,2.354479e+00,0,5.872189e-02,5.872189e-02,0,5.872189e-02,0,5.872189e-02,0,5.872189e-02,0,0,5.872189e-02,0,0,0,6.210599e-01,0,0,4.346762e-01,0,0,5.872189e-02,6.210599e-01,0,0,1.180500e+00,0,0,0,0,3.011971e+00,6.210599e-01,0,5.872189e-02,5.872189e-02,5.872189e-02,0,0,0,5.872189e-02,2.354479e+00,0,0,5.872189e-02,5.872189e-02,0,0,5.872189e-02,0,0,0,0,0,0,0,5.872189e-02,4.206015e+00,5.872189e-02,1.180500e+00,5.872189e-02,0,5.872189e-02,5.872189e-02,5.872189e-02,0,6.210599e-01,0,5.872189e-02,5.872189e-02,6.210599e-01,0,5.872189e-02,1.463860e+00,0,5.872189e-02,0,5.872189e-02,2.048309e+00,5.872189e-02,0,2.354479e+00,0,1.180500e+00,6.210599e-01,2.199504e-01,0,0,0,2.199504e-01,9.432070e-01,2.199504e-01,2.199504e-01,0,2.199504e-01,0,0,-4.083450e-01,-4.083450e-01,2.199504e-01,0,2.199504e-01,0,2.199504e-01,0,0,0,0,0,2.199504e-01,0,0,0,2.199504e-01,0,-4.083450e-01,0,2.199504e-01,2.199504e-01,0,0,0,0,0,2.199504e-01,2.199504e-01,0,0,2.199504e-01,2.199504e-01,2.199504e-01,0,0,0,-4.083450e-01,0,2.199504e-01,2.199504e-01,0,0,0,0,-4.083450e-01,-4.083450e-01,0,2.199504e-01,0,2.199504e-01,0,0,2.199504e-01,0,2.199504e-01,0,0,0,2.199504e-01,0,-4.083450e-01,0,0,0,0,0,0,-4.083450e-01,2.199504e-01,0,0,0,0,-4.083450e-01,0,0,0,0,2.199504e-01,0,2.199504e-01,0,0,2.199504e-01,0,2.199504e-01,0,2.199504e-01,0,-4.083450e-01,0,0,2.199504e-01,0,2.199504e-01,-4.083450e-01,2.199504e-01,0,0,0,2.199504e-01,0,0,0,0,0,-4.083450e-01,0,-4.083450e-01,0,0,0,0,0,0,0,2.199504e-01,2.199504e-01,0,0,0,2.199504e-01,2.199504e-01,0,0,2.199504e-01,0,0,0,0,0,-4.083450e-01,-4.083450e-01,2.199504e-01,0,0,0,0,0,0,0,2.199504e-01,0,-4.083450e-01,2.199504e-01,0,2.199504e-01,0,0,-4.083450e-01,2.199504e-01,0,0,-4.083450e-01,0,0,0,-4.083450e-01,0,2.199504e-01,0,-4.083450e-01,0,0,1.680857e+00,-2.914819e+00,0,7.611569e-01,0,0,0,0,0,-1.174256e+00,0,0,8.484217e-01,-1.080060e+00,0,2.052568e-01,0,0,0,0,6.820675e-01,1.785844e+00,0,0,0,0,-2.564613e+00,6.325379e-01,0,0,-1.213677e+00,0,0,-3.537380e+00,0,0,-3.088018e+00,0,0,0,0,-2.296198e+00,0,3.597938e+00,0,0,-6.854460e-01,0,0,-1.851366e+00,0,0,0,0,-3.109404e+00,0,0,1.507855e+00,-2.855088e+00,0,0,0,0,-2.535831e-01,-9.518232e-01,2.891115e+00,0,1.595814e+00,-7.646753e-01,0,0,0,0,-3.063174e-01,0,-1.496904e+00,0,0,-3.377626e-01,0,-6.426352e-02,0,-3.789646e+00,0,-2.257069e+00,-9.928621e-01,-4.241532e-01,-2.476770e+00,-1.377143e+00,-2.416623e+00,0,0,2.112673e-01,0,5.742245e-01,-3.554970e+00,0,-4.159312e+00,3.066116e-01,0,0,0,3.550691e-02,-1.224330e+00,0,3.261534e+00,9.029690e-02,0,-7.200136e-01,-9.703143e-01,-1.185466e+00,0,8.902328e-01,0,0,2.840189e-01,-1.183586e+00,-4.519315e-01,0,-3.841101e-01,-7.220167e-01,0,4.511195e-01,5.289583e-01,0,-9.159100e-01,-2.886042e+00,0,-1.070943e+00,-9.773493e-01,0,0,0,9.690231e-01,-1.352259e+00,0,0,0,1.254831e+00,