N <- 
6 
M <- 
252 
I <- 
structure(c(0,1,1,1,1,1,1,0,0,0,1,1,1,1,1,1,1,1,1,1,1,1,1,1,1,1,1,1,1,1,1,0,1,0,0,1,1,1,1,1,1,1,1,1,0,1,1,1,1,1,0,0,1,1,1,1,1,0,0,1,1,1,1,1,1,1,1,1,1,1,1,1,1,1,0,1,1,1,1,0,1,1,1,1,1,1,1,0,1,1,1,0,1,1,1,1,1,1,1,0,1,1,0,0,1,1,0,1,1,0,1,1,1,1,1,1,1,1,1,1,1,1,0,1,1,1,1,0,1,1,1,1,1,0,1,1,0,1,0,1,1,0,1,0,1,1,1,1,1,1,1,1,1,1,1,1,1,1,1,1,0,1,0,1,1,1,1,0,1,0,1,1,1,1,1,1,1,1,1,1,1,1,1,1,1,0,1,1,1,0,1,1,1,0,1,1,1,1,1,1,1,1,1,1,1,1,1,1,1,1,1,1,0,1,1,0,1,1,1,1,1,1,1,0,1,1,1,1,1,1,1,1,1,1,0,1,1,1,1,1,1,1,1,1,1,1,0,1,1,1,1,0,0,0,0,0,0,0,0,0,0,0,1,0,0,0,0,0,0,0,0,0,0,0,0,0,0,0,1,1,0,0,0,1,0,0,0,0,0,0,0,0,1,0,0,0,0,0,0,0,0,0,0,1,0,0,0,0,0,1,1,0,0,0,0,0,0,0,0,0,0,0,1,0,0,0,1,0,0,0,0,1,1,0,1,1,0,1,0,0,0,0,0,1,1,0,0,0,0,0,0,0,0,0,1,0,0,0,0,0,0,0,0,0,0,0,0,0,0,0,0,0,0,0,0,0,0,0,0,0,0,0,0,0,0,0,0,0,0,0,0,0,0,0,0,0,1,0,1,0,0,0,0,0,0,0,0,0,0,1,0,1,1,0,1,0,0,0,0,0,0,0,0,0,0,0,0,1,0,0,0,0,0,0,0,0,0,0,0,0,0,1,0,0,0,0,0,0,0,0,0,0,0,0,0,0,0,0,0,0,0,0,0,0,0,0,0,0,0,0,0,0,0,0,1,0,0,0,0,1,1,0,1,1,0,0,0,0,0,0,0,0,0,0,0,0,0,0,0,0,0,0,0,0,0,0,0,0,0,0,0,0,1,0,0,0,0,0,0,0,0,0,0,0,0,0,0,0,0,0,0,0,0,0,0,0,0,0,0,0,0,0,0,0,0,0,0,0,1,0,1,0,1,0,0,0,0,0,0,0,0,0,0,0,0,0,0,0,0,0,0,0,0,0,0,0,0,0,0,0,0,0,0,0,0,0,0,0,0,0,0,0,0,0,0,0,0,0,0,0,0,0,0,0,0,0,0,0,0,0,0,0,0,0,0,0,0,0,0,0,0,0,0,0,0,0,0,0,0,0,0,0,0,0,0,0,0,1,1,0,1,0,0,0,0,0,0,0,0,0,0,0,0,0,0,0,0,0,0,0,0,0,0,0,0,0,0,0,0,0,0,0,0,1,0,0,0,0,0,0,0,0,0,0,0,0,0,0,0,0,0,0,0,0,0,0,0,0,0,0,0,0,0,0,0,0,0,0,0,0,0,0,0,0,0,0,0,0,0,1,0,0,0,0,0,0,0,0,0,0,0,0,0,0,0,0,0,0,0,0,0,0,0,0,0,0,0,1,0,0,0,0,0,0,0,0,0,1,1,1,1,1,0,1,0,1,0,0,1,1,1,1,1,1,1,0,1,1,0,1,1,1,1,1,0,1,1,1,1,1,1,1,1,1,1,1,1,1,0,1,0,1,1,1,0,1,1,1,1,1,1,1,0,0,0,1,1,0,1,1,0,0,1,1,1,1,0,1,1,1,1,0,0,1,0,1,0,1,0,0,1,1,1,1,1,1,1,1,0,1,1,0,1,0,0,0,1,1,0,1,1,1,1,1,1,1,0,1,1,0,1,1,0,1,1,1,1,1,1,1,0,0,1,1,1,1,1,1,1,1,1,1,0,1,1,0,1,1,1,1,1,1,0,1,1,1,1,1,0,0,0,1,1,1,0,1,1,1,1,1,1,0,1,1,0,1,0,1,0,1,0,0,0,0,1,1,1,0,1,1,1,1,1,1,1,0,1,1,1,1,0,0,1,1,1,1,1,0,1,0,1,1,1,0,1,1,1,1,1,1,1,0,0,1,1,1,1,0,0,1,1,1,0,0,1,1,1,0,1,1,1,0,1,1,1,0,1,1,1,1,1,1,1,1,1,1,1,1,1,0,0,0,0,0,0,1,1,1,0,1,0,0,1,0,0,0,0,1,1,0,1,0,0,0,0,0,1,0,0,1,0,0,0,0,0,0,1,0,0,0,0,0,1,0,1,0,0,1,0,0,0,0,0,0,1,0,0,0,1,0,0,0,1,1,1,0,0,0,0,0,1,0,0,1,1,0,0,0,0,0,0,0,0,0,0,1,1,0,0,0,1,0,0,1,0,0,0,1,0,0,0,1,1,0,0,0,0,0,1,0,0,1,0,0,0,0,0,0,0,1,0,0,1,0,0,0,0,0,0,1,0,0,0,0,1,0,0,1,0,0,0,1,0,0,0,0,1,0,0,0,1,0,1,1,0,0,1,0,0,0,0,0,0,1,0,0,0,0,0,0,1,0,0,0,1,0,0,0,0,0,0,0,0,0,0,0,0,0,1,0,0,0,1,1,0,0,0,0,0,1,0,0,0,0,0,0,0,0,1,0,1,0,0,1,0,0,0,0,0,0,0,1,0,1,1,0,0,1,0,0,0,0,1,1,0,0,0,1,0,0,0,1,0,0,1,1,0,0,0,0,1,0,0,0,1,0,1,0,0,0,0,0,0,0,1,0,0,0,0,1,1,0,0,0,0,1,0,0,0,0,0,0,0,1,1,0,0,0,0,0,0,1,1,0,0,0,1,0,0,1,1,0,0,0,1,0,0,1,1,0,0,1,0,0,1,0,0,0,0,0,0,0,1,0,0,0,0,0,1,1,0,0,0,0,0,0,0,1,1,0,0,0,0,0,0,0,0,1,1,1,0,0,1,0,1,1,1,0,0,1,0,0,0,1,0,0,1,0,0,0,0,1,0,0,0,1,0,1,1,1,0,1,1,1,1,0,0,0,1,0,1,1,1,1,0,0,0,0,1,0,1,0,1,1,0,1,0,0,1,0,0,1,0,0,1,0,0,1,1,0,1,0,1,0,1,0,0,1,1,0,0,1,1,0,0,1,0,0,0,1,0,0,0,1,1,0,0,0,0,0,0,1,0,1,0,0,1,1,1,0,1,0,1,0,0,0,1,0,0,1,0,1,0,0,0,1,0,0,0,0,0,0,0,0,1,0,0,0,0,1,0,0,0,1,0,0,1,1,0,0,0,1), .Dim = c(252,6)) 
x <- 
structure(c(0,1.007742e+00,9.097962e-01,9.995892e-01,5.458074e-01,-7.160134e-01,-3.558958e-02,0,0,0,-8.854240e-03,-4.034651e-01,-1.293328e+00,7.031071e-01,-5.229710e-02,5.458074e-01,-2.849756e-01,-3.086236e-01,-7.160134e-01,2.587531e+00,-5.913468e-01,5.458074e-01,-7.160134e-01,9.097962e-01,-1.247088e-01,1.089225e+00,-7.005821e-01,-3.558958e-02,-8.002390e-01,1.307572e+00,5.458074e-01,0,5.458074e-01,0,0,9.097962e-01,-5.860561e-01,-7.160134e-01,-5.860561e-01,-4.034651e-01,9.701249e-01,-1.659644e+00,-5.913468e-01,5.458074e-01,0,-4.997253e-01,-4.034651e-01,-5.913468e-01,-8.854240e-03,5.458074e-01,0,0,-2.469216e-01,-1.247088e-01,7.291004e-01,-4.997253e-01,-7.786986e-01,0,0,1.653351e-01,5.458074e-01,-2.234774e-01,-1.024864e+00,-4.721151e-01,2.705508e-01,7.031071e-01,7.031071e-01,5.458074e-01,-2.849756e-01,5.458074e-01,9.995892e-01,-5.229710e-02,-7.160134e-01,-3.558958e-02,0,-1.973460e+00,4.973873e-01,-7.160134e-01,1.089225e+00,0,-5.860561e-01,1.016555e+00,1.045534e+00,-1.909069e+00,4.527363e-01,7.031071e-01,2.214040e+00,0,-5.860561e-01,-8.854240e-03,-5.229710e-02,0,-7.160134e-01,5.458074e-01,-5.946408e-01,4.973873e-01,1.089225e+00,1.089225e+00,1.007742e+00,0,-2.130535e+00,1.653351e-01,0,0,-9.244880e-01,1.089225e+00,0,1.007742e+00,-5.913468e-01,0,-1.293328e+00,-5.913468e-01,-5.913468e-01,5.458074e-01,-3.558958e-02,4.973873e-01,-8.854240e-03,-1.216704e+00,-5.860561e-01,9.097962e-01,1.653351e-01,-1.877233e+00,0,-4.034651e-01,-1.909069e+00,5.458074e-01,-4.034651e-01,0,-5.860561e-01,2.705508e-01,-7.160134e-01,4.973873e-01,5.458074e-01,0,-5.860561e-01,4.973873e-01,0,6.378661e-01,0,-1.647343e+00,5.458074e-01,0,7.031071e-01,0,-8.854240e-03,-5.860561e-01,-5.860561e-01,7.031071e-01,-1.214428e+00,-5.670935e-01,7.031071e-01,5.458074e-01,-8.470991e-01,-8.002390e-01,-2.130535e+00,4.973873e-01,9.097962e-01,-7.160134e-01,2.501274e-01,4.555734e-01,0,-5.229710e-02,0,5.458074e-01,2.041447e-01,4.527363e-01,2.979459e-01,0,-3.377329e-01,0,4.527363e-01,-5.860561e-01,-5.860561e-01,-1.247088e-01,9.995892e-01,9.097962e-01,2.045109e-01,8.918048e-01,1.928323e+00,9.601988e-01,-7.160134e-01,-3.768510e+00,-7.160134e-01,7.031071e-01,-2.130535e+00,0,-8.854240e-03,4.527363e-01,-5.946408e-01,0,2.705508e-01,-5.229710e-02,-3.558958e-02,0,-5.946408e-01,-1.659644e+00,5.458074e-01,9.097962e-01,2.627307e-01,9.097962e-01,5.458074e-01,-3.475333e+00,-5.860561e-01,-5.860561e-01,5.458074e-01,2.769032e-01,9.722847e-01,9.097962e-01,5.458074e-01,-5.913468e-01,-4.034651e-01,-2.130535e+00,0,1.653351e-01,1.398587e-01,0,1.504002e+00,7.370007e-01,-5.860561e-01,-1.659644e+00,-7.160134e-01,5.458074e-01,2.501274e-01,0,5.458074e-01,-4.034651e-01,4.248419e-01,-9.244880e-01,-2.849756e-01,-3.558958e-02,4.973873e-01,-2.469216e-01,1.653351e-01,-7.160134e-01,0,9.097962e-01,2.501274e-01,9.097962e-01,-4.176545e-01,1.206166e+00,9.722847e-01,-7.160134e-01,5.458074e-01,-2.844437e+00,4.973873e-01,-5.913468e-01,0,4.248419e-01,-8.470991e-01,4.248419e-01,-1.827349e+00,0,0,0,0,0,0,0,0,0,0,0,1.089225e+00,0,0,0,0,0,0,0,0,0,0,0,0,0,0,0,1.161899e+00,2.627307e-01,0,0,0,-3.575241e-01,0,0,0,0,0,0,0,0,1.089225e+00,0,0,0,0,0,0,0,0,0,0,-3.575241e-01,0,0,0,0,0,-1.117633e+00,1.089225e+00,0,0,0,0,0,0,0,0,0,0,0,-3.575241e-01,0,0,0,-3.575241e-01,0,0,0,0,1.089225e+00,1.358763e+00,0,-3.558958e-02,-1.133876e+00,0,-6.689767e-01,0,0,0,0,0,1.089225e+00,-7.160134e-01,0,0,0,0,0,0,0,0,0,-3.558958e-02,0,0,0,0,0,0,0,0,0,0,0,0,0,0,0,0,0,0,0,0,0,0,0,0,0,0,0,0,0,0,0,0,0,0,0,0,0,0,0,0,0,-7.160134e-01,0,-1.131088e+00,0,0,0,0,0,0,0,0,0,0,-3.575241e-01,0,-1.133876e+00,-1.133876e+00,0,5.458074e-01,0,0,0,0,0,0,0,0,0,0,0,0,1.089225e+00,0,0,0,0,0,0,0,0,0,0,0,0,0,-3.575241e-01,0,0,0,0,0,0,0,0,0,0,0,0,0,0,0,0,0,0,0,0,0,0,0,0,0,0,0,0,0,0,0,0,-5.094663e-02,0,0,0,0,-3.575241e-01,-3.575241e-01,0,-1.133876e+00,-3.544396e-01,0,0,0,0,0,0,0,0,0,0,0,0,0,0,0,0,0,0,0,0,0,0,0,0,0,0,0,0,-1.378221e+00,0,0,0,0,0,0,0,0,0,0,0,0,0,0,0,0,0,0,0,0,0,0,0,0,0,0,0,0,0,0,0,0,0,0,0,-1.378221e+00,0,1.456319e-01,0,-1.378221e+00,0,0,0,0,0,0,0,0,0,0,0,0,0,0,0,0,0,0,0,0,0,0,0,0,0,0,0,0,0,0,0,0,0,0,0,0,0,0,0,0,0,0,0,0,0,0,0,0,0,0,0,0,0,0,0,0,0,0,0,0,0,0,0,0,0,0,0,0,0,0,0,0,0,0,0,0,0,0,0,0,0,0,0,0,1.456319e-01,-8.741905e-01,0,-3.575241e-01,0,0,0,0,0,0,0,0,0,0,0,0,0,0,0,0,0,0,0,0,0,0,0,0,0,0,0,0,0,0,0,0,-8.741905e-01,0,0,0,0,0,0,0,0,0,0,0,0,0,0,0,0,0,0,0,0,0,0,0,0,0,0,0,0,0,0,0,0,0,0,0,0,0,0,0,0,0,0,0,0,0,-1.378221e+00,0,0,0,0,0,0,0,0,0,0,0,0,0,0,0,0,0,0,0,0,0,0,0,0,0,0,0,-8.741905e-01,0,0,0,0,0,0,0,0,0,1.276874e+00,6.835750e-01,1.915720e+00,2.000130e-01,1.159264e-01,0,6.885752e-01,0,1.210090e-01,0,0,4.057586e-01,2.556990e-01,1.168305e-01,1.089763e+00,-1.426155e+00,1.632643e+00,1.061825e-01,0,1.244763e-01,2.062524e+00,0,4.057586e-01,6.835750e-01,5.458074e-01,1.159264e-01,1.494876e+00,0,1.002762e+00,1.159264e-01,7.723195e-01,1.891748e+00,7.932394e-01,-7.469464e-01,2.045109e-01,9.499029e-01,6.836222e-01,-3.900683e+00,6.837260e-01,1.358763e+00,-1.731242e+00,0,4.110338e-01,0,