N <- 
6 
M <- 
66 
I <- 
structure(c(1,1,1,1,1,1,1,0,1,1,1,1,1,1,1,1,1,1,0,1,0,1,1,1,1,1,1,1,1,1,1,0,1,1,1,0,1,1,1,1,1,1,1,1,1,1,1,1,1,1,1,1,1,1,1,0,1,1,1,1,1,0,1,1,0,1,0,0,0,0,0,1,1,1,0,1,0,0,0,0,0,0,0,0,1,1,0,0,1,0,0,0,0,0,0,0,0,0,0,0,0,0,1,0,0,0,0,1,0,1,0,0,0,0,0,0,0,0,0,0,0,0,0,0,1,0,1,0,0,0,0,0,0,0,0,0,0,0,0,0,0,0,0,1,0,0,0,0,0,0,0,0,0,0,0,0,0,0,0,0,0,0,0,1,1,0,0,0,0,0,0,0,0,0,0,0,0,0,0,0,0,0,0,0,0,0,0,0,0,0,0,0,0,0,0,1,0,0,1,1,0,1,1,1,1,1,1,1,1,1,1,1,1,0,1,1,1,1,1,1,0,1,1,0,1,1,1,1,1,1,1,1,1,1,1,1,1,0,1,1,0,1,1,1,0,1,1,1,0,0,1,1,1,1,1,1,1,1,1,1,0,1,1,1,0,1,1,1,0,0,0,1,1,0,0,1,1,0,1,1,1,1,0,0,1,1,1,1,0,1,1,0,0,1,0,0,0,0,0,1,0,1,0,1,1,0,1,0,0,0,1,0,0,1,1,1,0,0,1,1,0,1,0,1,0,1,1,1,1,1,1,1,1,1,1,0,0,0,0,0,1,1,1,1,0,1,0,1,1,0,1,1,0,1,1,1,1,1,1,1,1,1,1,1,1,1,0,1,1,1,1,0,1,0,1,1,1,1,1,0,1,1,1,1,1,1,1,1,0,0,0,1,1,1,1,1), .Dim = c(66,6)) 
x <- 
structure(c(5.458074e-01,-5.229710e-02,2.587531e+00,-5.913468e-01,1.089225e+00,-7.005821e-01,-3.558958e-02,0,-5.860561e-01,9.701249e-01,-1.659644e+00,-4.034651e-01,5.458074e-01,7.291004e-01,5.458074e-01,2.705508e-01,7.031071e-01,-7.160134e-01,0,7.031071e-01,0,-5.860561e-01,-7.160134e-01,-9.244880e-01,1.089225e+00,5.458074e-01,-1.877233e+00,-5.860561e-01,2.705508e-01,4.973873e-01,5.458074e-01,0,-5.860561e-01,5.458074e-01,7.031071e-01,0,-8.854240e-03,-1.214428e+00,7.031071e-01,-8.470991e-01,4.973873e-01,-7.160134e-01,2.501274e-01,4.555734e-01,-5.229710e-02,2.041447e-01,-5.860561e-01,1.928323e+00,-7.160134e-01,2.705508e-01,-5.946408e-01,-3.475333e+00,9.722847e-01,5.458074e-01,-4.034651e-01,0,-1.659644e+00,-4.034651e-01,-2.849756e-01,-3.558958e-02,4.973873e-01,0,1.206166e+00,-2.844437e+00,0,4.248419e-01,0,0,0,0,0,1.161899e+00,2.627307e-01,-3.575241e-01,0,1.089225e+00,0,0,0,0,0,0,0,0,1.089225e+00,-6.689767e-01,0,0,-7.160134e-01,0,0,0,0,0,0,0,0,0,0,0,0,0,-7.160134e-01,0,0,0,0,-3.575241e-01,0,-1.133876e+00,0,0,0,0,0,0,0,0,0,0,0,0,0,0,-3.575241e-01,0,-1.133876e+00,0,0,0,0,0,0,0,0,0,0,0,0,0,0,0,0,1.456319e-01,0,0,0,0,0,0,0,0,0,0,0,0,0,0,0,0,0,0,0,1.456319e-01,-8.741905e-01,0,0,0,0,0,0,0,0,0,0,0,0,0,0,0,0,0,0,0,0,0,0,0,0,0,0,0,0,0,0,-8.741905e-01,0,0,2.000130e-01,1.168305e-01,0,1.244763e-01,5.458074e-01,1.159264e-01,1.494876e+00,7.723195e-01,-3.900683e+00,1.358763e+00,-1.731242e+00,6.861033e-01,4.879121e-01,-2.438910e+00,1.159264e-01,0,1.159264e-01,1.234484e-01,1.358763e+00,4.057586e-01,1.834111e-01,4.598052e-01,0,4.636139e-01,4.469351e-01,0,6.853530e-01,5.122664e-01,9.367096e-01,2.655966e-01,3.810455e-01,9.026642e-01,6.840587e-01,1.159264e-01,1.458323e+00,-8.102651e-02,1.321704e-01,-1.901454e-01,2.745544e+00,0,4.167534e-01,1.223717e+00,0,6.839205e-01,1.772692e+00,1.494876e+00,0,1.067725e+00,1.807690e+00,-1.433248e+00,0,0,6.063752e-02,1.388431e+00,1.149875e+00,6.851204e-01,6.627129e-01,1.159264e-01,4.160398e-01,1.083867e+00,-2.438910e+00,3.788926e-01,0,3.004344e-01,-9.824106e-01,-4.599492e-01,0,-1.133876e+00,3.805188e-01,3.887672e-01,0,0,0,3.660432e-01,3.660432e-01,0,0,6.614264e-01,-3.598514e-01,0,-4.955671e-01,-3.966452e-01,5.235701e-01,3.275699e-01,0,0,3.203477e-01,7.213957e-01,8.196875e-01,2.581540e-01,0,4.976185e-01,-1.133876e+00,0,0,-8.741905e-01,0,0,0,0,0,2.215595e-02,0,-1.327655e-01,0,-1.207874e+00,-3.410927e-02,0,-7.558979e-02,0,0,0,8.196875e-01,0,0,1.113949e-01,-3.558958e-02,-2.267508e-01,0,0,3.887672e-01,3.895099e-01,0,8.196875e-01,0,3.887672e-01,0,-8.028855e-01,2.051162e-01,3.887672e-01,-1.725689e-01,3.463779e-01,-2.247595e+00,-2.335641e-01,-2.108584e+00,-1.103660e+00,-1.106868e+00,0,0,0,0,0,-9.566486e-01,8.000280e-03,-1.143706e+00,4.719211e-01,0,-1.172639e+00,0,-1.045427e+00,-1.838437e-01,0,-5.228178e-01,-6.519969e-01,0,4.658699e-01,1.469709e-01,8.471807e-01,4.595227e-01,-8.725428e-01,4.263121e-01,-1.945077e-01,-6.659367e-01,-9.690668e-01,-7.635355e-01,-1.852072e+00,-2.168192e+00,6.645094e-01,0,-7.670651e-01,-5.327758e-01,-3.462358e-01,-4.042153e-01,0,-1.568548e-01,0,-3.182112e-01,-6.793967e-01,-5.653749e-01,1.046646e-01,-1.162390e+00,0,-3.411553e-01,9.374679e-01,-3.096246e-01,-1.329474e+00,-1.174401e+00,5.540106e-01,-1.086687e+00,-1.273582e+00,0,0,0,-2.100366e+00,-4.412733e-01,-1.716285e+00,-2.047630e-01,5.237539e-01), .Dim = c(66,6)) 
