N <- 
6 
M <- 
251 
I <- 
structure(c(0,1,1,1,1,1,1,0,0,0,1,1,1,1,1,1,1,1,1,1,1,1,1,1,1,1,1,1,1,1,1,0,1,0,0,1,1,1,1,1,1,1,1,1,0,1,1,1,1,1,0,0,1,1,1,1,1,0,0,1,1,1,1,1,1,1,1,1,1,1,1,1,1,1,0,1,1,1,1,0,1,1,1,1,1,1,1,0,1,1,1,0,1,1,1,1,1,1,1,0,1,1,0,0,1,1,0,1,1,0,1,1,1,1,1,1,1,1,1,1,1,1,1,1,1,1,0,1,1,1,1,1,0,1,1,0,1,0,1,1,0,1,0,1,1,1,1,1,1,1,1,1,1,1,1,1,1,1,1,0,1,0,1,1,1,1,0,1,0,1,1,1,1,1,1,1,1,1,1,1,1,1,1,1,0,1,1,1,0,1,1,1,0,1,1,1,1,1,1,1,1,1,1,1,1,1,1,1,1,1,1,0,1,1,0,1,1,1,1,1,1,1,0,1,1,1,1,1,1,1,1,1,1,0,1,1,1,1,1,1,1,1,1,1,1,0,1,1,1,1,0,0,0,0,0,0,0,0,0,0,0,1,0,0,0,0,0,0,0,0,0,0,0,0,0,0,0,1,1,0,0,0,1,0,0,0,0,0,0,0,0,1,0,0,0,0,0,0,0,0,0,0,1,0,0,0,0,0,1,1,0,0,0,0,0,0,0,0,0,0,0,1,0,0,0,1,0,0,0,0,1,1,0,1,1,0,1,0,0,0,0,0,1,1,0,0,0,0,0,0,0,0,0,1,0,0,0,0,0,0,0,0,0,0,0,0,0,0,0,0,0,0,0,0,0,0,0,0,0,0,0,0,0,0,0,0,0,0,0,0,0,0,0,0,1,0,1,0,0,0,0,0,0,0,0,0,0,1,0,1,1,0,1,0,0,0,0,0,0,0,0,0,0,0,0,1,0,0,0,0,0,0,0,0,0,0,0,0,0,1,0,0,0,0,0,0,0,0,0,0,0,0,0,0,0,0,0,0,0,0,0,0,0,0,0,0,0,0,0,0,0,0,1,0,0,0,0,1,1,0,1,1,0,0,0,0,0,0,0,0,0,0,0,0,0,0,0,0,0,0,0,0,0,0,0,0,0,0,0,0,1,0,0,0,0,0,0,0,0,0,0,0,0,0,0,0,0,0,0,0,0,0,0,0,0,0,0,0,0,0,0,0,0,0,0,0,1,0,1,0,1,0,0,0,0,0,0,0,0,0,0,0,0,0,0,0,0,0,0,0,0,0,0,0,0,0,0,0,0,0,0,0,0,0,0,0,0,0,0,0,0,0,0,0,0,0,0,0,0,0,0,0,0,0,0,0,0,0,0,0,0,0,0,0,0,0,0,0,0,0,0,0,0,0,0,0,0,0,0,0,0,0,0,0,1,1,0,1,0,0,0,0,0,0,0,0,0,0,0,0,0,0,0,0,0,0,0,0,0,0,0,0,0,0,0,0,0,0,0,0,1,0,0,0,0,0,0,0,0,0,0,0,0,0,0,0,0,0,0,0,0,0,0,0,0,0,0,0,0,0,0,0,0,0,0,0,0,0,0,0,0,0,0,0,0,0,1,0,0,0,0,0,0,0,0,0,0,0,0,0,0,0,0,0,0,0,0,0,0,0,0,0,0,0,1,0,0,0,0,0,0,0,0,0,1,1,1,1,1,0,1,0,1,0,0,1,1,1,1,1,1,1,0,1,1,0,1,1,1,1,1,0,1,1,1,1,1,1,1,1,1,1,1,1,1,0,1,0,1,1,1,0,1,1,1,1,1,1,1,0,0,0,1,1,0,1,1,0,0,1,1,1,1,0,1,1,1,1,0,0,1,0,1,0,1,0,0,1,1,1,1,1,1,1,1,0,1,1,0,1,0,0,0,1,1,0,1,1,1,1,1,1,1,0,1,1,0,1,1,0,1,1,1,1,1,1,0,0,1,1,1,1,1,1,1,1,1,1,0,1,1,0,1,1,1,1,1,1,0,1,1,1,1,1,0,0,0,1,1,1,0,1,1,1,1,1,1,0,1,1,0,1,0,1,0,1,0,0,0,0,1,1,1,0,1,1,1,1,1,1,1,0,1,1,1,1,0,0,1,1,1,1,1,0,1,0,1,1,1,0,1,1,1,1,1,1,1,0,0,1,1,1,1,0,0,1,1,1,0,0,1,1,1,0,1,1,1,0,1,1,1,0,1,1,1,1,1,1,1,1,1,1,1,1,1,0,0,0,0,0,0,1,1,1,0,1,0,0,1,0,0,0,0,1,1,0,1,0,0,0,0,0,1,0,0,1,0,0,0,0,0,0,1,0,0,0,0,0,1,0,1,0,0,1,0,0,0,0,0,0,1,0,0,0,1,0,0,0,1,1,1,0,0,0,0,0,1,0,0,1,1,0,0,0,0,0,0,0,0,0,0,1,1,0,0,0,1,0,0,1,0,0,0,1,0,0,0,1,1,0,0,0,0,0,1,0,0,1,0,0,0,0,0,0,0,1,0,1,0,0,0,0,0,0,1,0,0,0,0,1,0,0,1,0,0,0,1,0,0,0,0,1,0,0,0,1,0,1,1,0,0,1,0,0,0,0,0,0,1,0,0,0,0,0,0,1,0,0,0,1,0,0,0,0,0,0,0,0,0,0,0,0,0,1,0,0,0,1,1,0,0,0,0,0,1,0,0,0,0,0,0,0,0,1,0,1,0,0,1,0,0,0,0,0,0,0,1,0,1,1,0,0,1,0,0,0,0,1,1,0,0,0,1,0,0,0,1,0,0,1,1,0,0,0,0,1,0,0,0,1,0,1,0,0,0,0,0,0,0,1,0,0,0,0,1,1,0,0,0,0,1,0,0,0,0,0,0,0,1,1,0,0,0,0,0,0,1,1,0,0,0,1,0,0,1,1,0,0,0,1,0,0,1,1,0,0,1,0,0,1,0,0,0,0,0,0,0,1,0,0,0,0,0,1,1,0,0,0,0,0,0,0,1,1,0,0,0,0,0,0,0,0,1,1,1,0,0,1,0,1,1,1,0,0,1,0,0,0,1,0,0,1,0,0,0,0,1,0,0,1,0,1,1,1,0,1,1,1,1,0,0,0,1,0,1,1,1,1,0,0,0,0,1,0,1,0,1,1,0,1,0,0,1,0,0,1,0,0,1,0,0,1,1,0,1,0,1,0,1,0,0,1,1,0,0,1,1,0,0,1,0,0,0,1,0,0,0,1,1,0,0,0,0,0,0,1,0,1,0,0,1,1,1,0,1,0,1,0,0,0,1,0,0,1,0,1,0,0,0,1,0,0,0,0,0,0,0,0,1,0,0,0,0,1,0,0,0,1,0,0,1,1,0,0,0,1), .Dim = c(251,6)) 
x <- 
structure(c(0,-3.798835e-02,-8.365173e-02,-4.178930e-02,-2.533471e-01,-8.416212e-01,-5.244005e-01,0,0,0,-5.119362e-01,-6.959079e-01,-1.110772e+00,-1.800124e-01,-5.321897e-01,-2.533471e-01,-6.406669e-01,-6.516918e-01,-8.416212e-01,6.985257e-01,-7.835004e-01,-2.533471e-01,-8.416212e-01,-8.365173e-02,-5.659488e-01,0,-8.344270e-01,-5.244005e-01,-8.808881e-01,1.017956e-01,-2.533471e-01,0,-2.533471e-01,0,0,-8.365173e-02,-7.810338e-01,-8.416212e-01,-7.810338e-01,-6.959079e-01,-5.552582e-02,-1.281552e+00,-7.835004e-01,-2.533471e-01,0,-7.407855e-01,-6.959079e-01,-7.835004e-01,-5.119362e-01,-2.533471e-01,0,0,-6.229257e-01,-5.659488e-01,-1.678940e-01,-7.407855e-01,-8.708457e-01,0,0,-4.307273e-01,-2.533471e-01,-6.119958e-01,-9.856104e-01,-7.279133e-01,-3.816747e-01,-1.800124e-01,-1.800124e-01,-2.533471e-01,-6.406669e-01,-2.533471e-01,-4.178930e-02,-5.321897e-01,-8.416212e-01,-5.244005e-01,0,-1.427856e+00,-2.759211e-01,-8.416212e-01,0,0,-7.810338e-01,-3.387984e-02,-2.036946e-02,-1.397837e+00,-2.967378e-01,-1.800124e-01,5.244005e-01,0,-7.810338e-01,-5.119362e-01,-5.321897e-01,0,-8.416212e-01,-2.533471e-01,-7.850360e-01,-2.759211e-01,0,0,-3.798835e-02,0,-1.501086e+00,-4.307273e-01,0,0,-9.388143e-01,0,0,-3.798835e-02,-7.835004e-01,0,-1.110772e+00,-7.835004e-01,-7.835004e-01,-2.533471e-01,-5.244005e-01,-2.759211e-01,-5.119362e-01,-1.075049e+00,-7.810338e-01,-8.365173e-02,-4.307273e-01,-1.382994e+00,-6.959079e-01,-1.397837e+00,-2.533471e-01,-6.959079e-01,0,-7.810338e-01,-3.816747e-01,-8.416212e-01,-2.759211e-01,-2.533471e-01,0,-7.810338e-01,-2.759211e-01,0,-2.104284e-01,0,-1.275817e+00,-2.533471e-01,0,-1.800124e-01,0,-5.119362e-01,-7.810338e-01,-7.810338e-01,-1.800124e-01,-1.073988e+00,-7.721932e-01,-1.800124e-01,-2.533471e-01,-9.027348e-01,-8.808881e-01,-1.501086e+00,-2.759211e-01,-8.365173e-02,-8.416212e-01,-3.911963e-01,-2.954151e-01,0,-5.321897e-01,0,-2.533471e-01,-4.126339e-01,-2.967378e-01,-3.689028e-01,0,-6.652629e-01,0,-2.967378e-01,-7.810338e-01,-7.810338e-01,-5.659488e-01,-4.178930e-02,-8.365173e-02,-4.124631e-01,-9.203949e-02,3.911963e-01,-6.015352e-02,-8.416212e-01,-2.264727e+00,-8.416212e-01,-1.800124e-01,-1.501086e+00,0,-5.119362e-01,-2.967378e-01,-7.850360e-01,0,-3.816747e-01,-5.321897e-01,-5.244005e-01,0,-7.850360e-01,-1.281552e+00,-2.533471e-01,-8.365173e-02,-3.853205e-01,-8.365173e-02,-2.533471e-01,-2.128045e+00,-7.810338e-01,-7.810338e-01,-2.533471e-01,-3.787131e-01,-5.451891e-02,-8.365173e-02,-2.533471e-01,-7.835004e-01,-6.959079e-01,-1.501086e+00,0,-4.307273e-01,-4.426047e-01,0,1.933732e-01,-1.642108e-01,-7.810338e-01,-1.281552e+00,-8.416212e-01,-2.533471e-01,-3.911963e-01,0,-2.533471e-01,-6.959079e-01,-3.097425e-01,-9.388143e-01,-6.406669e-01,-5.244005e-01,-2.759211e-01,-6.229257e-01,-4.307273e-01,-8.416212e-01,0,-8.365173e-02,-3.911963e-01,-8.365173e-02,-7.025232e-01,5.451891e-02,-5.451891e-02,-8.416212e-01,-2.533471e-01,-1.833915e+00,-2.759211e-01,-7.835004e-01,0,-3.097425e-01,-9.027348e-01,-3.097425e-01,-1.359737e+00,0,0,0,0,0,0,0,0,0,0,0,0,0,0,0,0,0,0,0,0,0,0,0,0,0,0,0,3.388137e-02,-3.853205e-01,0,0,0,-6.744898e-01,0,0,0,0,0,0,0,0,0,0,0,0,0,0,0,0,0,0,0,-6.744898e-01,0,0,0,0,0,-1.028861e+00,2.782916e-16,0,0,0,0,0,0,0,0,0,0,0,-6.744898e-01,0,0,0,-6.744898e-01,0,0,0,0,0,1.256613e-01,0,-5.244005e-01,-1.036433e+00,0,-8.196922e-01,0,0,0,0,0,0,-8.416212e-01,0,0,0,0,0,0,0,0,0,-5.244005e-01,0,0,0,0,0,0,0,0,0,0,0,0,0,0,0,0,0,0,0,0,0,0,0,0,0,0,0,0,0,0,0,0,0,0,0,0,0,0,0,0,-8.416212e-01,0,-1.035134e+00,0,0,0,0,0,0,0,0,0,0,-6.744898e-01,0,-1.036433e+00,-1.036433e+00,0,-2.533471e-01,0,0,0,0,0,0,0,0,0,0,0,0,-1.391458e-16,0,0,0,0,0,0,0,0,0,0,0,0,0,-6.744898e-01,0,0,0,0,0,0,0,0,0,0,0,0,0,0,0,0,0,0,0,0,0,0,0,0,0,0,0,0,0,0,0,0,-5.315601e-01,0,0,0,0,-6.744898e-01,-6.744898e-01,0,-1.036433e+00,-6.730518e-01,0,0,0,0,0,0,0,0,0,0,0,0,0,0,0,0,0,0,0,0,0,0,0,0,0,0,0,0,-1.150349e+00,0,0,0,0,0,0,0,0,0,0,0,0,0,0,0,0,0,0,0,0,0,0,0,0,0,0,0,0,0,0,0,0,0,0,0,-1.150349e+00,0,-4.399132e-01,0,-1.150349e+00,0,0,0,0,0,0,0,0,0,0,0,0,0,0,0,0,0,0,0,0,0,0,0,0,0,0,0,0,0,0,0,0,0,0,0,0,0,0,0,0,0,0,0,0,0,0,0,0,0,0,0,0,0,0,0,0,0,0,0,0,0,0,0,0,0,0,0,0,0,0,0,0,0,0,0,0,0,0,0,0,0,0,0,-4.399132e-01,-9.153651e-01,0,-6.744898e-01,0,0,0,0,0,0,0,0,0,0,0,0,0,0,0,0,0,0,0,0,0,0,0,0,0,0,0,0,0,0,0,0,-9.153651e-01,0,0,0,0,0,0,0,0,0,0,0,0,0,0,0,0,0,0,0,0,0,0,0,0,0,0,0,0,0,0,0,0,0,0,0,0,0,0,0,0,0,0,0,0,0,-1.150349e+00,0,0,0,0,0,0,0,0,0,0,0,0,0,0,0,0,0,0,0,0,0,0,0,0,0,0,0,-9.153651e-01,0,0,0,0,0,0,0,0,0,8.748374e-02,-1.891184e-01,3.853205e-01,-4.145601e-01,-4.537622e-01,0,-1.867873e-01,0,-4.513926e-01,0,0,-3.186394e-01,-3.885987e-01,-4.533407e-01,2.506628e-04,-1.172697e+00,2.533471e-01,-4.583049e-01,0,-4.497761e-01,4.537622e-01,0,-3.186394e-01,-1.891184e-01,-2.533471e-01,-4.537622e-01,1.891184e-01,0,-4.031030e-02,-4.537622e-01,-1.477448e-01,3.741443e-01,-1.379917e-01,-8.560426e-01,-4.124631e-01,-6.495358e-02,-1.890964e-01,-2.326348e+00,-1.890480e-01,1.256613e-01,-1.314932e+00,0,