N <- 
5 
M <- 
40 
I <- 
structure(c(1,1,1,1,1,1,1,1,1,1,1,1,1,1,1,1,1,1,1,0,1,1,1,1,1,1,1,1,1,1,1,1,1,1,1,1,0,1,1,1,0,0,0,0,0,0,1,0,0,0,0,0,0,0,0,0,0,0,0,1,1,0,0,0,0,0,0,0,0,0,0,0,0,0,0,0,0,0,1,0,1,1,0,1,1,1,0,1,1,0,0,1,1,1,0,0,1,1,1,1,1,1,1,1,0,0,1,0,0,1,1,0,0,0,1,1,1,0,1,0,1,1,1,1,0,1,1,1,0,1,1,1,1,0,1,1,0,0,1,0,0,0,0,0,1,1,1,1,1,0,0,1,1,1,0,1,1,1,1,1,0,1,1,1,1,0,1,1,1,1,1,1,1,1,1,1,1,1,1,1,1,1,1,1,1,1,1,1,1,1,1,1,1,1,1,1,1,1,1,1), .Dim = c(40,5)) 
x <- 
structure(c(5.459586e-01,5.459586e-01,-2.557666e-01,-2.557666e-01,-2.557666e-01,-2.557666e-01,-2.557666e-01,-2.557666e-01,-2.557666e-01,-2.557666e-01,-2.557666e-01,-2.557666e-01,-2.557666e-01,5.459586e-01,-2.557666e-01,-2.557666e-01,-2.557666e-01,-2.557666e-01,-2.557666e-01,0,-2.557666e-01,2.145893e+00,-2.557666e-01,-2.557666e-01,-2.557666e-01,5.459586e-01,-2.557666e-01,-2.557666e-01,-2.557666e-01,2.145893e+00,-2.557666e-01,-2.557666e-01,-2.557666e-01,-2.557666e-01,5.459586e-01,-2.557666e-01,0,-2.557666e-01,-2.557666e-01,-2.557666e-01,0,0,0,0,0,0,-7.785002e-01,0,0,0,0,0,0,0,0,0,0,0,0,-7.785002e-01,-7.785002e-01,0,0,0,0,0,0,0,0,0,0,0,0,0,0,0,0,0,-2.407144e+00,0,5.872189e-02,5.872189e-02,0,5.872189e-02,1.180500e+00,5.872189e-02,0,5.872189e-02,5.872189e-02,0,0,6.210599e-01,5.872189e-02,5.872189e-02,0,0,5.872189e-02,1.180500e+00,6.210599e-01,2.048309e+00,1.180500e+00,2.354479e+00,5.872189e-02,5.872189e-02,0,0,6.210599e-01,0,0,3.011971e+00,5.872189e-02,0,0,0,1.180500e+00,5.872189e-02,6.210599e-01,0,2.048309e+00,0,2.199504e-01,2.199504e-01,-4.083450e-01,-4.083450e-01,0,2.199504e-01,-4.083450e-01,2.199504e-01,0,2.199504e-01,-4.083450e-01,-4.083450e-01,2.199504e-01,0,-4.083450e-01,-4.083450e-01,0,0,-4.083450e-01,0,0,0,0,0,-4.083450e-01,2.199504e-01,-4.083450e-01,2.199504e-01,-4.083450e-01,0,0,2.199504e-01,2.199504e-01,-4.083450e-01,0,-4.083450e-01,-4.083450e-01,-4.083450e-01,-4.083450e-01,-4.083450e-01,0,-1.174256e+00,8.484217e-01,-1.080060e+00,1.785844e+00,0,-1.213677e+00,-3.537380e+00,-3.088018e+00,3.597938e+00,-1.851366e+00,-2.855088e+00,1.595814e+00,-7.646753e-01,-3.063174e-01,-6.426352e-02,-2.257069e+00,-9.928621e-01,-4.241532e-01,-1.377143e+00,-2.416623e+00,2.112673e-01,5.742245e-01,-4.159312e+00,3.550691e-02,3.261534e+00,-7.200136e-01,-9.703143e-01,-3.841101e-01,5.289583e-01,-2.886042e+00,-1.352259e+00,1.254831e+00,-5.297445e-01,-1.219436e+00,4.295725e-01,-4.234446e+00,-1.669020e+00,8.486409e-01,-1.898905e-01), .Dim = c(40,5)) 
