M <-
3
N <-
3
I <- 
structure(c(1,1,1,0,1,1,1,0,1), .Dim=c(3,3))
x <-
structure(c(-0.9569,-0.9434,-0.6723,0.0159,0.1343,0.2865,0.9346,1.4578,1.3303 ), .Dim=c(3,3))